-15.358646611406733 11.5835965218522 26.15969281191879 -4.039156446395651
12.73628734201372 -8.977505502236824 -44.70046616428841 -7.757515576821753
-9.921033678254386 7.9497571878658375 3.3554404180019737 -0.5666945650101294
7.929299767276638 -6.124228774071381 -15.713629597996976 -3.5687963152512574
-6.687256716568303 5.066578533837986 9.0956600498077 0.029885369931496708
5.383421739270092 -3.8549233551877737 -14.465509967454015 -2.5512278144058014
-4.519526375564587 3.6898092294079397 9.704401364279677 -0.6042904560067452
3.413710957866899 -2.424403491642698 -8.399181355733605 -1.5324489398778476
-2.815677726694706 2.332389299241897 1.5906870130454867 0.18721545797347827
2.0745853515541475 -1.4510814029096308 -4.713058513531715 -1.1206499630603561
-1.7056235938624609 1.4285872908415267 -1.6010707027162792 -0.20917823157862292
1.2274838121614955 -0.8989317816525684 -5.0863394194598746 -0.6548674098258394
-0.9643201344368241 0.8270248776334185 2.1290094663241397 -0.407348872859595
0.8201358665838638 -0.48371516759915545 -2.9542715601114087 -0.6829900183267714
-0.6190581798853325 0.5216881500133241 0.9070253610205599 -0.11230625141104986
0.5722025465997053 -0.3380448409899828 -1.0596064229642022 -0.4415427416942302
-0.38503848119304496 0.41112944317176514 -0.14966264179705227 -0.20726332935140407
0.31403572592477297 -0.24629979787324718 0.6433278780518173 -0.22999302678100034
-0.24135028940896866 0.20679476400462765 0.08067660060897121 -0.11107073706920416
0.23487943315382762 -0.13892410260430282 -0.44768028344774524 -0.2722030983450736
-0.15042471360141998 0.17793244465365762 0.6286475971327035 -0.21974980652134926
0.17620788612649288 -0.0428436347080674 -0.4701202094128042 -0.31097594636379866
-0.11859703997329835 0.14477325444962633 2.5665536127506074 -0.20569271674047246
0.062011791646494924 -0.02637177328080427 0.3779331818881477 -0.13915793430402354
-0.0681084187241539 0.0651070536970936 3.4167748836215743 -0.1336790149158004
